home: [0.0, -0.17453292519943295, 0.7853981633974483, 0.7853981633974483, 0.0, -0.17453292519943295, 0.7853981633974483, 0.7853981633974483, 0.08726646259971647, -0.08726646259971647, 0.8726646259971648, 0.7853981633974483, 1.2880990661143321, 0.4615957328700039, 0.11150511073234823, 0.6763873964597742]
envelop: [-0.20396796395528533, 1.5600591104235169, 1.5038288920617913, 1.32899502476281, -0.16120444516894497, 1.6403763029664953, 1.612592211279737, 1.1564233769398333, -0.06286728438382105, 1.7188766250730874, 1.4761253072734934, 1.478387827452814, 1.0818636874678849, -0.25249524869039003, 1.0346637489732975, 1.0678341710688586]
